mobile_L1_baseline <- c(414,415,422,421,421,421,421,422,422,422,415,422,422,423,421,422,421,422,423,415,422,424,421,423,422,422,422,421,423,422,422,422,423,415,421,422,421,421,421,422,421,422,422,425,422,422,444,415,422,422,424,422,422,422,422,422,421,421,422,422,414,415,422,421,415,421,414,415,423,415,421,422,421,422,421,415,414,422,422,422,422,422,422,421,414,422,423,422,421,422,422,422,422,422,422,422,422,422,421,422)
mobile_L1_w_CPU <- c(415,416,416,414,416,415,415,415,414,415,415,414,414,415,414,415,415,414,414,415,415,416,414,415,414,415,416,415,414,415,416,414,414,415,414,414,415,414,416,414,415,415,414,415,416,414,415,417,414,414,414,415,416,415,414,414,416,414,416,415,415,415,414,415,415,415,416,415,415,414,415,414,416,416,464,414,416,415,415,464,414,414,414,416,414,415,415,416,415,415,415,415,416,415,415,414,415,415,415,415)
mobile_L1_w_L1 <- c(415,415,417,414,415,417,416,415,417,416,421,414,418,415,417,417,415,414,418,415,414,414,415,417,414,417,415,414,417,414,415,417,417,414,417,417,415,414,416,415,415,417,424,415,417,415,747,414,417,421,416,417,415,414,415,417,417,424,417,417,415,421,415,417,415,417,417,414,416,415,417,414,417,423,416,417,415,414,415,415,417,414,417,418,415,415,414,417,415,417,417,417,415,414,418,414,415,425,417,417)
mobile_L1_w_L2 <- c(442,434,444,444,443,434,441,433,433,434,442,444,433,436,441,443,441,439,442,442,442,434,442,435,441,443,433,432,433,433,445,445,442,433,440,441,435,444,433,433,433,434,442,433,468,435,444,440,442,435,434,436,433,443,442,444,437,443,442,436,436,443,433,432,436,443,441,436,442,442,435,443,433,443,433,434,434,442,437,432,443,444,445,443,443,443,441,435,435,435,435,434,443,441,435,433,434,443,442,435)
mobile_L2_baseline <- c(1677,1675,1676,1674,1674,1675,1682,1676,1674,1675,1675,1674,1675,1673,1676,1676,1674,1744,1676,1675,1675,1676,1675,1674,1674,1675,1675,1675,1705,1674,1676,1674,1674,1674,1675,1673,1680,1680,1864,1676,1675,1678,1675,1674,1676,1673,1674,1675,1674,1674,1674,1674,1674,1676,1674,1674,1674,1674,1674,1691,1675,1675,1676,1675,1675,1675,1676,1679,1679,1682,1676,1675,1676,1674,1675,1675,1677,1676,1673,1674,1676,1676,1677,1674,1675,1674,1676,1709,1675,1673,1675,1675,1674,1676,1676,1675,1677,1675,1676,1675)
mobile_L2_w_CPU <- c(1672,1674,1680,1673,1673,1678,1671,1674,1673,1676,1673,1673,1674,1675,1721,1672,1673,1673,1673,1672,1673,1673,1673,1666,1673,1658,1674,1674,1673,1672,1674,1673,1673,1673,1673,1671,1672,1674,1673,1673,1673,1672,1674,1673,1673,1673,1672,1673,1672,1672,1673,1673,1673,1672,1673,1674,1675,1673,1673,1673,1671,1673,1674,1673,1673,1682,1675,1671,1673,1731,1673,1673,1673,1671,1675,1672,1672,1671,1673,1864,1674,1658,1672,1673,1678,1673,1672,1674,1674,1710,1673,1672,1673,1673,1672,1674,1674,1675,1673,1674)
mobile_L2_w_L1 <- c(1726,1751,1741,1737,1783,1726,1761,1745,1738,1732,1739,1734,1746,2812,1744,1740,1748,1774,1753,1722,1745,1773,1728,1743,1733,1724,1870,1732,1732,1747,1750,1728,1779,1732,1735,1839,1740,2098,1720,1736,1728,1743,1733,1751,1742,1721,1725,1730,1723,1726,1773,2193,1739,1741,1743,1734,1725,2060,1739,1732,1737,1734,1747,1742,1733,1731,1732,1731,1747,1728,1761,1733,1741,1727,1726,1741,1723,2111,1728,1740,1742,1734,1729,1753,1734,1740,1725,1741,1733,1730,1733,1730,1736,1740,1744,1753,1734,1734,1747,1748)
mobile_L2_w_L2 <- c(4446,4464,4467,4475,4433,4450,4440,4443,4449,4442,4485,4448,4474,4954,3747,4441,4441,4458,4494,4446,4445,4454,4443,4444,4371,4442,4423,4467,4390,4464,4462,4445,4427,4439,4473,4443,4497,3391,4442,4474,4437,4427,4437,4446,6580,4484,4455,4463,4454,4446,4469,4665,4457,4459,4444,4462,4480,4440,4501,4448,4453,4475,4462,4475,4446,4442,4452,4297,4455,4447,4481,4435,4483,4414,4440,4435,4475,4441,4445,4441,4442,4443,4368,4438,4447,4437,4659,4431,4454,4438,4671,4451,4445,4470,4443,4460,4438,4442,4479,4504)
mobile_L2_w_MM <- c(1960,1952,1960,1954,1940,1943,3976,3316,1956,2042,1930,1941,1957,1980,1940,1962,1936,2010,1957,1929,2049,1931,1962,2469,2511,1981,1957,1955,1954,1953,1933,1954,1952,1916,1942,1951,1954,1834,1934,1937,1936,1966,1963,1973,1949,1940,1908,1948,2064,1952,1934,2120,1953,1935,1939,1962,1946,1945,1938,2085,1943,2425,1926,1929,2664,1952,1911,1947,1963,2322,1945,1961,1963,1956,1949,1940,1962,1953,1923,1951,2387,2449,1960,1962,1953,2031,1952,1929,2143,1930,1962,1963,1975,2651,1976,1949,3695,1932,1931,3821)
mobile_MM_baseline <- c(10435,10128,10180,10162,10130,10451,10151,10148,10423,10152,10117,10166,10110,10109,10165,10104,10473,10090,10119,10433,10158,10136,10109,10116,10116,10159,10109,10110,10101,10180,10177,10460,10149,10093,10105,10169,10288,10180,10490,10122,10137,10118,10177,10212,10146,10147,10111,10127,10129,10825,10186,10167,10361,10144,10427,10215,10196,10142,10124,10114,10179,10452,10243,10228,10115,10160,10145,10138,10133,10197,10133,10125,10099,10110,10181,10145,10185,10109,10424,10175,10180,10121,10127,10153,10134,10122,10179,10447,10137,10140,10207,10068,10132,10097,10129,10129,10461,10130,10144,10160)
mobile_MM_w_CPU <- c(10434,10240,10173,10282,10249,10438,10129,10511,10440,10182,10138,10153,10136,10197,10395,10201,10589,10188,11342,10445,10121,10119,10197,10154,10452,10140,10176,10138,10125,10150,10166,10504,10139,10174,10247,10147,10145,10160,10421,10078,10156,10116,10159,10154,10176,10239,10246,10436,10260,10159,10450,10241,10153,10267,10433,10127,10187,10298,10680,10108,10185,10120,10736,10219,10120,10189,10208,10147,10176,10106,10080,10561,10118,10134,10144,10154,10153,10154,10423,10256,10169,10181,10254,10133,10132,17078,10115,10441,10171,10146,10163,10137,10145,10166,10138,10099,10445,10236,10120,10187)
mobile_MM_w_L1 <- c(10775,10839,10795,10783,10805,10842,10841,10840,10830,10777,10775,10754,10790,10780,10847,10858,10793,10765,10861,10779,10782,10838,10844,10771,10798,10771,10789,10754,10768,10801,10773,10795,10767,10781,10789,10774,10781,10785,10782,11239,10770,11302,10773,10782,10874,10872,10873,10857,10850,10783,10841,10771,10742,10815,11484,10767,10760,10762,10759,10853,10786,10752,10784,10877,10778,10785,16568,10771,10787,10776,10787,10792,10767,10789,10749,10765,10766,10808,10762,10884,10762,10795,10834,10813,10796,10766,10808,11057,10801,10856,10787,10855,10908,11363,10773,10766,11003,10842,10791,10837)
mobile_MM_w_L2 <- c(20195,20811,20273,20211,28423,20381,28382,28484,20255,20306,20234,20599,20406,20278,20404,20412,20409,20255,20418,20605,20397,28448,22585,28412,28408,20445,20415,28361,20958,28323,28298,28408,20289,20444,20406,28391,27815,28644,28493,28329,20291,28243,22548,28381,28423,28387,28320,28406,20266,20715,28322,20246,28376,26704,27481,20255,28310,28498,20438,20434,28409,20417,28352,20371,20440,20406,28438,20519,28305,20222,19556,28283,28631,20233,20212,20263,20473,28513,28330,21142,28416,20233,20207,28333,29860,28487,20269,28415,20378,20381,28403,28242,20754,28669,28383,20398,28380,20414,20394,20650)
mobile_MM_w_L2H <- c(19089,20102,20240,20414,20279,18535,18643,20163,18513,18662,18487,18571,18559,18544,20134,18604,18560,20302,19556,20329,20285,18555,18530,20244,18413,18485,18588,18713,20300,20116,20161,20246,20505,20281,20031,18726,18723,18486,18576,18551,20361,20326,18477,20146,20122,20232,18492,20248,18471,18509,20289,18541,18499,19884,20130,20121,18461,18540,20245,20263,18560,20335,18761,20271,18544,18671,18823,20163,18472,18491,20120,18589,18563,18468,18707,18460,20288,18515,18818,20230,18537,20131,20105,20678,20340,18501,18530,20238,20250,18530,18815,20169,19254,18958,18635,20169,20141,18587,18542,20224)
