desk_L3_baseline <- c(4477,4598,4475,4480,4477,4481,4478,4478,4561,4478,4478,4478,4476,4475,4478,4481,4479,4476,4476,4476,4478,4478,4479,4478,4477,4477,4487,4479,4478,4480,4477,4479,4475,4476,4476,4480,4481,4477,4476,4474,4475,4478,4479,4490,4475,4479,4476,4478,4475,4482,4475,4477,4477,4477,4479,4477,4479,4477,4481,4477,4477,4637,4477,4477,4482,4614,4481,4489,4479,4626,4475,4478,4478,4474,4475,4479,4480,4475,4479,4482,4479,4477,4478,4480,4475,4479,4484,4479,4477,4476,4480,4476,4482,4481,4486,4478,4478,4474,4480,4479)
desk_L3_w_CPU <- c(4484,4480,4481,4483,4498,4481,4506,4483,4486,4481,4481,4480,4483,4482,4482,4482,4480,4482,4478,4481,4483,4481,4479,4480,4480,4483,4479,4480,4480,4480,4485,4482,4480,4485,4481,4483,4479,4480,4479,4484,4478,4482,4478,4479,4480,4482,4479,4482,4481,4483,4484,4483,4480,4485,4481,4479,4484,4487,4481,4479,4481,4479,4481,4482,4480,4480,4486,4484,4480,4480,4481,4483,4480,4484,4487,4487,4501,4483,4480,4481,4482,4482,4484,4481,4480,4480,4481,4483,4481,4484,4482,4482,4483,4483,4480,4484,4480,4483,4483,4483)
desk_L3_w_CPU_L2_MM <- c(5639,8789,8691,9388,5895,9412,5511,5962,6144,6124,5538,5646,6153,5961,9380,8707,5884,6139,9341,6136,5960,5964,5964,5862,5892,5540,9148,6017,5626,5960,5802,5712,5658,10090,5790,5853,6138,6014,9382,5964,6155,8730,5967,5959,6142,5670,5963,6136,6147,6145,9449,5983,5962,9185,6139,5948,9163,8722,6033,5962,5909,5668,5801,5971,5663,9364,5440,8733,5955,6140,6143,5613,5768,5997,5538,9436,6143,6159,10325,7839,8703,5922,5962,5886,9399,8705,10073,5954,8728,5729,9755,9147,5392,8711,5569,6138,5885,5525,9369,6132)
desk_L3_w_L2 <- c(4561,4561,4558,4565,4564,4559,4556,4568,4568,4573,4572,4564,4570,4511,4570,4551,4565,4576,4554,4571,4574,4571,4575,4577,4577,4567,4561,4568,4562,4557,4573,4576,4566,4568,4570,4555,4557,4565,4559,4552,4561,4549,4563,4569,4562,4547,4565,4564,4562,4563,4562,4578,4573,4565,4567,4525,4566,4576,4549,4562,4554,4548,4564,4570,4566,4569,4568,4570,4541,4558,4562,4569,4565,4567,4537,4578,4563,4566,4570,4568,4566,4515,4561,4563,4570,4563,4568,4553,4563,4569,4562,4567,4566,4560,4560,4572,4558,4575,4571,4573)
desk_L3_w_L3 <- c(6632,6605,6619,6623,6611,6623,6642,6633,6623,6625,6658,6618,6616,6641,6610,6611,6614,6602,6609,6608,6622,6626,6636,6592,6632,6617,6607,6630,6615,6612,6624,6641,6641,6618,6612,6635,6597,6611,6629,6633,6600,6601,6616,6651,6615,6598,6605,6628,6652,6614,6623,6616,6598,6626,6618,6610,6603,6618,6641,6766,6615,6628,6620,6621,6627,6604,6614,6639,6619,6595,6611,6633,6634,6624,6631,6616,6633,6620,6598,6725,6603,6633,6615,6618,6605,6637,6633,6602,6639,6664,6615,6630,6611,6610,6630,6613,6601,6622,6638,6616)
desk_L3_w_L3_L3_L3 <- c(13858,13961,13921,13884,13845,13905,13895,13882,13913,13887,13875,13841,13900,13937,13859,14068,13908,13847,13874,13891,13879,13902,13906,13901,13940,13872,13827,13928,13876,13876,13863,13838,13864,13885,13833,13896,13855,13879,13866,13883,13919,13900,13897,13845,13905,13865,13883,13906,13827,13843,13875,13867,13857,13865,13939,13885,13870,13869,13874,13835,13877,13907,13892,13881,13899,13878,13896,13889,13855,13849,13935,13889,13891,13867,13890,13899,13856,13880,13846,13823,13897,13882,13852,13833,13882,13901,13908,13843,13877,13912,13895,13869,13886,13851,13911,13861,13879,13864,13890,13875)
desk_L3_w_MM <- c(6634,6642,6613,6635,6631,6642,6648,6616,6623,6637,6638,6631,6616,6634,6623,6657,6621,6618,6624,6620,6623,6627,6625,6620,6624,6606,6643,6648,6634,6643,6683,6634,6667,6601,6637,6608,6618,6634,6620,6628,6621,6639,6619,6651,6639,6624,6624,6607,6628,6627,6619,6616,6616,6637,6619,6626,6623,6609,6642,6641,6622,6613,6629,6619,6648,6797,6622,6619,6617,6712,6660,6623,6636,6631,6622,6631,6605,6677,6608,6634,6639,6632,6630,6609,6628,6632,6621,6639,6625,6662,6612,6617,6653,6640,6611,6640,6670,6635,6623,6631)
desk_MM_baseline <- c(17910,17910,17904,17907,17905,17901,17910,17909,17909,17904,17905,17910,17908,17926,17907,17907,17903,17907,17907,17918,17904,18065,17905,17905,17917,17910,17910,17907,17909,17905,17905,17913,17904,17906,17912,17907,17911,17908,17963,17912,17909,17913,17905,17909,17911,17906,17905,17902,17909,17903,17912,17912,17906,17908,17910,17906,18007,17906,17979,17907,17911,17910,17913,17911,17907,17907,17912,17906,17908,17906,18072,17912,17921,17922,17912,17913,18281,17908,17908,17905,17908,17907,17904,17912,17911,17915,17907,17904,17903,17909,17905,17905,17904,17902,17908,17912,17919,17908,18045,17908)
desk_MM_w_CPU <- c(17930,17941,17930,17934,17925,17923,17933,17928,17932,17927,17927,17937,17935,17929,17933,17920,17931,17930,17928,17921,17934,18005,17932,17935,17939,17932,17930,17934,17927,17929,17934,17929,17929,17938,17936,17943,17932,17934,17937,17922,17978,17938,17930,17936,17935,17938,17933,17935,17928,17934,17938,17928,17931,17932,17937,17929,17932,17925,17927,17934,17931,17932,17940,17929,17931,17938,17926,17979,17933,17932,18026,17933,17931,17935,17928,17932,17925,17930,17936,17937,17933,17936,17943,17932,17938,17932,17932,17987,17931,17942,17932,17933,17933,17927,17928,17934,17932,17934,17932,17929)
desk_MM_w_CPU_L3H_L2 <- c(41029,35971,39685,44498,46347,44265,22367,38794,21770,22146,23966,37117,24205,39676,46815,38076,35966,45134,46173,43561,43682,44613,43300,49765,22572,35798,49882,36637,51970,49743,22935,39712,53441,43493,45538,22877,52721,44028,49033,50675,49797,44609,48172,49707,21756,24151,47951,45563,48405,44875,51097,41980,42259,35940,43246,37590,54630,40925,38692,44158,47756,44058,52254,49280,45522,24219,46713,39802,35885,44656,35990,21715,49569,47102,40724,39828,44304,49742,24200,48790,41369,51515,46501,48032,46379,41617,45207,45435,53012,51575,47241,46512,43808,41091,35885,46067,49802,49627,46587,37415)
desk_MM_w_L2 <- c(18284,18204,18233,18161,18180,18152,18370,18158,18214,18198,18196,18069,18230,18153,18241,18246,18172,18189,18257,18214,18206,18161,18278,18213,18106,18242,18194,18238,18252,18196,18252,18228,18179,18196,18249,18202,18201,18190,18229,18152,18205,18109,18257,18238,18191,18157,18232,18181,18235,18266,18211,18250,18173,18267,18215,18242,18246,18213,18203,18234,18117,18262,18201,18243,18226,18188,18291,18208,18202,18256,18163,18239,18245,18233,18167,18280,18197,18167,18185,18257,18245,18158,18216,18203,18199,18205,18230,18272,18181,18255,18258,18221,18203,18233,18274,18204,18173,18104,18218,18232)
desk_MM_w_L3 <- c(26480,26489,26563,26516,26474,26466,26526,26487,26479,26485,26487,26497,26483,26510,26467,26533,26485,26474,26486,26509,26490,26435,26527,26498,26508,26505,26457,26478,26491,26469,26497,26473,26484,26481,26487,26480,26475,26479,26474,26530,26481,26478,26485,26510,26462,26483,26468,26470,26502,26435,26496,26477,26523,26511,26478,26472,26513,26494,26474,26493,26476,26477,26489,26690,26486,26482,26463,26803,26472,26487,26476,26477,26495,26478,26495,26498,26491,26485,26483,26475,26492,26478,26472,26485,26481,26507,26485,26485,26595,26754,26485,26524,26498,26494,26498,26502,26573,26486,26483,26479)
desk_MM_w_L3H <- c(26474,26495,26489,26496,26495,26531,26476,26476,26509,26458,26514,26513,26463,26482,26491,26492,26486,26502,26481,26489,26467,26493,26486,26533,26463,26477,26493,26494,26495,26480,26472,26466,26507,26501,26484,26475,26487,26488,26475,26481,26473,26484,26477,26493,26501,26504,26484,26486,26481,26508,26482,26499,26516,26481,26493,26475,26499,26475,26480,26483,26491,26486,26487,26499,26475,26506,26480,26497,26481,26500,26494,26547,26494,26487,26481,26474,26499,26517,26480,26490,26487,26479,26488,26489,26486,26478,26480,26525,26500,26483,26490,26475,26504,26492,26477,26524,26489,26492,26500,26481)
